3 0.7424242424242424 0.4542410714285714 0.354978354978355 0.38616071428571425
3 0.6536796536796536 0.7209821428571428 0.24242424242424243 0.34375
3 0.5562770562770563 0.8660714285714285 0.41125541125541126 0.26785714285714285
3 0.408008658008658 0.8236607142857142 0.2532467532467532 0.3526785714285714
3 0.20238095238095238 0.9084821428571428 0.16233766233766234 0.18303571428571427
3 0.42424242424242425 0.5345982142857143 0.37662337662337664 0.22098214285714285
3 0.7402597402597403 0.27901785714285715 0.3722943722943723 0.2589285714285714
3 0.775974025974026 0.056919642857142856 0.2922077922077922 0.109375
3 0.30627705627705626 0.3292410714285714 0.3008658008658009 0.22098214285714285
3 0.4945887445887446 0.40066964285714285 0.24458874458874458 0.22098214285714285
3 0.1331168831168831 0.5133928571428571 0.2619047619047619 0.2857142857142857
3 0.2662337662337662 0.6261160714285714 0.15151515151515152 0.14955357142857142
3 0.18506493506493507 0.203125 0.3268398268398268 0.24107142857142855
3 0.5162337662337663 0.14174107142857142 0.23160173160173161 0.27901785714285715
3 0.4069264069264069 0.06808035714285714 0.15584415584415584 0.13169642857142858
3 0.22402597402597402 0.05245535714285714 0.21428571428571427 0.10044642857142856
