6 0.7264808362369338 0.7428571428571429 0.2613240418118467 0.48
6 0.4634146341463415 0.47714285714285715 0.26480836236933797 0.3142857142857143
6 0.6986062717770035 0.2857142857142857 0.20557491289198607 0.3314285714285714
6 0.024390243902439025 0.4257142857142857 0.041811846689895474 0.28
6 0.09930313588850175 0.6771428571428572 0.1916376306620209 0.33714285714285713
6 0.11846689895470383 0.9285714285714286 0.21602787456445993 0.14285714285714285
6 0.3554006968641115 0.8028571428571428 0.3205574912891986 0.3942857142857143
6 0.5278745644599303 0.9542857142857143 0.17073170731707318 0.09142857142857143
6 0.926829268292683 0.8457142857142858 0.14634146341463414 0.30857142857142855
6 0.9094076655052264 0.44 0.18118466898954705 0.3314285714285714
6 0.9111498257839721 0.13142857142857142 0.17770034843205576 0.25142857142857145
6 0.7439024390243902 0.02857142857142857 0.13588850174216027 0.045714285714285714
6 0.5069686411149826 0.13714285714285715 0.2264808362369338 0.26285714285714284
6 0.18641114982578397 0.29428571428571426 0.2682926829268293 0.44
6 0.3344947735191638 0.04857142857142857 0.20905923344947736 0.08571428571428572
6 0.06968641114982578 0.07142857142857142 0.13240418118466898 0.13142857142857142
