10 0.18725868725868727 0.30670103092783507 0.22779922779922782 0.29381443298969073
10 0.361003861003861 0.30412371134020616 0.1891891891891892 0.27835051546391754
10 0.5308880308880309 0.3530927835051546 0.15830115830115832 0.17010309278350516
10 0.6872586872586873 0.34536082474226804 0.19305019305019305 0.18556701030927836
10 0.8416988416988417 0.3376288659793814 0.23166023166023167 0.19072164948453607
10 0.12162162162162163 0.6597938144329897 0.23552123552123552 0.41237113402061853
10 0.32625482625482627 0.6417525773195876 0.22779922779922782 0.39690721649484534
10 0.5444015444015444 0.634020618556701 0.21621621621621623 0.3917525773195876
10 0.7355212355212355 0.634020618556701 0.25868725868725867 0.4020618556701031
10 0.88996138996139 0.6211340206185567 0.22007722007722008 0.39690721649484534
