3 0.30727272727272725 0.7404371584699454 0.2509090909090909 0.453551912568306
3 0.4727272727272727 0.7295081967213115 0.24 0.5409836065573771
3 0.6090909090909091 0.6420765027322405 0.22181818181818183 0.4972677595628415
3 0.74 0.5628415300546448 0.2290909090909091 0.4918032786885246
3 0.8836363636363637 0.5409836065573771 0.20363636363636364 0.4918032786885246
3 0.21636363636363637 0.34153005464480873 0.24363636363636362 0.2896174863387978
3 0.31636363636363635 0.28688524590163933 0.16727272727272727 0.3442622950819672
3 0.4072727272727273 0.2677595628415301 0.14545454545454545 0.3825136612021858
3 0.5290909090909091 0.21584699453551912 0.15636363636363637 0.366120218579235
3 0.6890909090909091 0.17486338797814208 0.15636363636363637 0.33879781420765026
