3 0.2759067357512954 0.36162361623616235 0.2305699481865285 0.2287822878228782
3 0.29404145077720206 0.4870848708487085 0.1839378238341969 0.23616236162361623
3 0.1955958549222798 0.5608856088560885 0.1373056994818653 0.16236162361623616
3 0.22409326424870468 0.6734317343173432 0.1839378238341969 0.2177121771217712
3 0.3173575129533679 0.7121771217712177 0.10103626943005181 0.14022140221402213
3 0.3212435233160622 0.8763837638376384 0.2849740932642487 0.2029520295202952
3 0.4300518134715026 0.7158671586715867 0.11917098445595856 0.24354243542435425
3 0.4455958549222798 0.45571955719557194 0.1295336787564767 0.23985239852398524
3 0.6178756476683938 0.488929889298893 0.10621761658031088 0.3062730627306273
3 0.7733160621761659 0.7822878228782287 0.3134715025906736 0.24354243542435425
3 0.5958549222797928 0.8007380073800737 0.18134715025906736 0.38376383763837635
3 0.7797927461139896 0.6918819188191881 0.18652849740932642 0.2103321033210332
3 0.7746113989637305 0.9428044280442804 0.3212435233160622 0.1143911439114391
3 0.8497409326424871 0.28044280442804426 0.07772020725388601 0.22140221402214022
3 0.7733160621761659 0.5 0.17875647668393782 0.18081180811808117
3 0.7046632124352332 0.23431734317343172 0.12435233160621761 0.14391143911439114
3 0.7512953367875648 0.36162361623616235 0.1917098445595855 0.13284132841328414
3 0.8121761658031088 0.2029520295202952 0.12694300518134716 0.16236162361623616
3 0.6049222797927462 0.20848708487084872 0.14766839378238342 0.22509225092250923
3 0.4468911917098446 0.27675276752767525 0.11139896373056996 0.11808118081180811
3 0.37176165803108807 0.2140221402214022 0.20466321243523317 0.17712177121771217
3 0.5259067357512953 0.15867158671586715 0.10362694300518135 0.12546125461254612
