3 0.6130434782608696 0.4852941176470588 0.4434782608695652 0.27647058823529413
3 0.9195652173913044 0.55 0.16086956521739132 0.37058823529411766
3 0.9282608695652174 0.2411764705882353 0.14347826086956522 0.2823529411764706
3 0.6760869565217391 0.7911764705882353 0.5608695652173913 0.31176470588235294
3 0.1891304347826087 0.8117647058823529 0.3695652173913044 0.2588235294117647
3 0.10434782608695653 0.5676470588235294 0.2 0.31176470588235294
3 0.3565217391304348 0.3911764705882353 0.3391304347826087 0.3941176470588235
3 0.29347826086956524 0.26176470588235295 0.2217391304347826 0.4176470588235294
3 0.14565217391304347 0.3088235294117647 0.21304347826086956 0.2411764705882353
3 0.48695652173913045 0.13529411764705881 0.25217391304347825 0.16470588235294117
3 0.6804347826086956 0.23823529411764705 0.4217391304347826 0.38235294117647056
