3 0.52875 0.6590909090909091 0.4225 0.615702479338843
3 0.88375 0.6694214876033058 0.2325 0.4380165289256198
3 0.82375 0.4628099173553719 0.3025 0.3140495867768595
3 0.09125 0.7396694214876033 0.1775 0.4049586776859504
3 0.23875000000000002 0.46487603305785125 0.2925 0.45867768595041325
3 0.86625 0.2603305785123967 0.2675 0.24793388429752067
3 0.6587500000000001 0.17355371900826447 0.20750000000000002 0.25619834710743805
3 0.48875 0.2706611570247934 0.3075 0.3347107438016529
3 0.1775 0.2768595041322314 0.3 0.4132231404958678
3 0.3975 0.1487603305785124 0.23500000000000001 0.25619834710743805
