3 0.2948453608247423 0.24707846410684475 0.21237113402061855 0.48747913188647746
3 0.6170103092783505 0.5091819699499165 0.4505154639175258 0.330550918196995
3 0.5747422680412372 0.5976627712854758 0.4092783505154639 0.4908180300500835
3 0.6757731958762887 0.8480801335559266 0.5618556701030928 0.3038397328881469
3 0.9170103092783506 0.5834724540901502 0.16597938144329896 0.44574290484140233
3 0.9257731958762887 0.21619365609348914 0.14845360824742268 0.3589315525876461
3 0.6793814432989691 0.22370617696160267 0.4268041237113402 0.44407345575959933
3 0.35721649484536083 0.38731218697829717 0.34536082474226804 0.5008347245409015
3 0.488659793814433 0.09348914858096828 0.2556701030927835 0.18363939899833057
3 0.14536082474226805 0.3030050083472454 0.21030927835051547 0.29549248747913187
3 0.10103092783505155 0.6135225375626043 0.2 0.3823038397328882
3 0.18350515463917527 0.8789649415692822 0.36494845360824746 0.24207011686143573
