1 0.49904397705544934 0.8525943396226415 0.3441682600382409 0.29481132075471694
1 0.15583173996175909 0.15566037735849056 0.27724665391969405 0.24528301886792453
1 0.4933078393881453 0.1650943396226415 0.2447418738049713 0.25471698113207547
1 0.8508604206500956 0.16745283018867924 0.24091778202676864 0.24056603773584906
1 0.8546845124282982 0.5200471698113207 0.2141491395793499 0.23820754716981132
1 0.9024856596558317 0.4846698113207547 0.1147227533460803 0.1910377358490566
1 0.7782026768642447 0.4716981132075472 0.1338432122370937 0.18867924528301885
1 0.8671128107074569 0.8455188679245282 0.1931166347992352 0.23349056603773585
1 0.7762906309751434 0.7924528301886792 0.12237093690248566 0.16981132075471697
1 0.16347992351816443 0.8561320754716981 0.18164435946462715 0.21698113207547168
1 0.07839388145315487 0.7995283018867925 0.130019120458891 0.16981132075471697
1 0.23518164435946462 0.8219339622641509 0.12237093690248566 0.14858490566037735
1 0.15105162523900573 0.5212264150943396 0.21797323135755256 0.20283018867924527
1 0.09177820267686423 0.4858490566037736 0.11854684512428298 0.1981132075471698
1 0.22275334608030592 0.4669811320754717 0.13575525812619502 0.1650943396226415
1 0.39196940726577434 0.5271226415094339 0.12237093690248566 0.13443396226415094
1 0.5019120458891013 0.5235849056603773 0.09369024856596558 0.12264150943396226
1 0.6089866156787763 0.517688679245283 0.11281070745697896 0.13443396226415094
1 0.5468451242829828 0.4528301886792453 0.06883365200764818 0.05660377358490566
1 0.4655831739961759 0.46108490566037735 0.07074569789674952 0.06839622641509434
