3 0.32 0.5485714285714286 0.372 0.48
3 0.304 0.9 0.352 0.2
3 0.11 0.7042857142857143 0.216 0.3171428571428571
3 0.72 0.8071428571428572 0.34400000000000003 0.38571428571428573
3 0.439 0.8685714285714285 0.25 0.26285714285714284
3 0.808 0.47714285714285715 0.34 0.3942857142857143
3 0.741 0.07714285714285714 0.28600000000000003 0.14857142857142858
3 0.278 0.2542857142857143 0.248 0.25142857142857145
3 0.153 0.2714285714285714 0.19 0.2857142857142857
3 0.518 0.4 0.24 0.26857142857142857
3 0.47100000000000003 0.15571428571428572 0.274 0.3057142857142857
3 0.14200000000000002 0.45571428571428574 0.092 0.13428571428571429
