3 0.38636363636363635 0.8064516129032258 0.37727272727272726 0.3870967741935484
3 0.1534090909090909 0.5129032258064516 0.30227272727272725 0.45806451612903226
3 0.15113636363636362 0.2403225806451613 0.29772727272727273 0.47419354838709676
3 0.4340909090909091 0.36451612903225805 0.2636363636363636 0.33548387096774196
3 0.45568181818181813 0.11290322580645161 0.31136363636363634 0.21935483870967742
3 0.7625 0.3725806451612903 0.46136363636363636 0.6548387096774193
3 0.9284090909090909 0.8080645161290323 0.1431818181818182 0.38387096774193546
3 0.8125 0.11612903225806452 0.27045454545454545 0.22580645161290322
3 0.9488636363636364 0.06129032258064516 0.10227272727272727 0.11612903225806452
3 0.06136363636363636 0.8612903225806452 0.11818181818181818 0.27741935483870966
3 0.9738636363636363 0.3774193548387097 0.05227272727272727 0.25806451612903225
