3 0.23529411764705885 0.3246268656716418 0.33484162895927605 0.2835820895522388
3 0.5452488687782806 0.375 0.28506787330316746 0.23507462686567163
3 0.8371040723981901 0.47761194029850745 0.2171945701357466 0.19402985074626866
3 0.907239819004525 0.6623134328358209 0.18552036199095023 0.20522388059701493
3 0.6832579185520362 0.8861940298507462 0.28054298642533937 0.22761194029850745
3 0.1742081447963801 0.8022388059701493 0.31221719457013575 0.291044776119403
3 0.46606334841628966 0.833955223880597 0.26244343891402716 0.2126865671641791
3 0.6945701357466064 0.6361940298507462 0.24886877828054302 0.2126865671641791
3 0.11764705882352942 0.5522388059701493 0.22624434389140274 0.22388059701492538
3 0.42307692307692313 0.6007462686567164 0.3212669683257919 0.26865671641791045
