3 0.6565217391304348 0.7753164556962026 0.4260869565217391 0.44936708860759494
3 0.3521739130434783 0.8512658227848101 0.4 0.2974683544303797
3 0.21956521739130436 0.7848101265822784 0.1782608695652174 0.4177215189873418
3 0.28695652173913044 0.5917721518987342 0.3130434782608696 0.3227848101265823
3 0.47391304347826085 0.49367088607594933 0.30434782608695654 0.22784810126582278
3 0.3456521739130435 0.3670886075949367 0.3782608695652174 0.26582278481012656
3 0.7152173913043478 0.4810126582278481 0.30869565217391304 0.21518987341772153
3 0.7760869565217391 0.310126582278481 0.18695652173913044 0.31645569620253167
3 0.7630434782608696 0.31329113924050633 0.21304347826086956 0.18354430379746836
3 0.4434782608695652 0.2563291139240506 0.2608695652173913 0.13291139240506328
3 0.29347826086956524 0.11075949367088607 0.11739130434782609 0.2088607594936709
3 0.5086956521739131 0.10126582278481013 0.2956521739130435 0.18987341772151897
