6 0.31108312342569266 0.21536523929471033 0.17380352644836272 0.29974811083123426
6 0.4924433249370277 0.21662468513853902 0.17380352644836272 0.30226700251889166
6 0.6775818639798489 0.21536523929471033 0.1712846347607053 0.3047858942065491
6 0.13476070528967254 0.5037783375314862 0.17884130982367757 0.28211586901763225
6 0.3123425692695214 0.5050377833753148 0.16624685138539042 0.2795969773299748
6 0.49748110831234255 0.5100755667506297 0.163727959697733 0.2795969773299748
6 0.6738035264483627 0.5113350125944585 0.16876574307304784 0.2871536523929471
6 0.8664987405541561 0.5138539042821159 0.18639798488664988 0.29219143576826195
6 0.14357682619647355 0.7732997481108312 0.1712846347607053 0.29219143576826195
6 0.3161209068010076 0.778337531486146 0.163727959697733 0.29219143576826195
6 0.49748110831234255 0.7846347607052897 0.163727959697733 0.2896725440806045
6 0.6700251889168766 0.7871536523929471 0.16624685138539042 0.2947103274559194
6 0.8551637279596978 0.7896725440806045 0.1889168765743073 0.29974811083123426
