3 0.3511705685618729 0.27625 0.14046822742474915 0.10250000000000001
3 0.3812709030100334 0.34750000000000003 0.12709030100334448 0.145
3 0.5635451505016722 0.3225 0.1906354515050167 0.105
3 0.677257525083612 0.43625 0.18394648829431437 0.11750000000000001
3 0.6086956521739131 0.58375 0.1806020066889632 0.1375
3 0.5668896321070234 0.71875 0.1505016722408027 0.1325
3 0.3093645484949833 0.52 0.18394648829431437 0.155
3 0.34615384615384615 0.63125 0.13043478260869565 0.1225
3 0.44648829431438125 0.56125 0.13712374581939799 0.10250000000000001
3 0.45819397993311034 0.6275000000000001 0.10033444816053512 0.075
3 0.5501672240802675 0.48 0.13712374581939799 0.1
3 0.4882943143812709 0.49625 0.12040133779264214 0.0775
3 0.4280936454849498 0.4175 0.294314381270903 0.15
