3 0.6647509578544061 0.5643274853801169 0.24904214559386972 0.6666666666666666
3 0.8659003831417624 0.5116959064327485 0.26436781609195403 0.47368421052631576
3 0.921455938697318 0.26608187134502925 0.15708812260536398 0.4853801169590643
3 0.7452107279693486 0.14912280701754385 0.20306513409961685 0.29239766081871343
3 0.5909961685823755 0.3201754385964912 0.16283524904214558 0.3187134502923976
3 0.09099616858237547 0.8289473684210525 0.1781609195402299 0.3421052631578947
3 0.19923371647509577 0.672514619883041 0.3946360153256705 0.45614035087719296
3 0.3486590038314176 0.5760233918128654 0.44827586206896547 0.43859649122807015
3 0.4185823754789272 0.4649122807017544 0.38122605363984674 0.3157894736842105
3 0.24425287356321837 0.29239766081871343 0.3505747126436781 0.19883040935672514
3 0.42624521072796934 0.26900584795321636 0.19348659003831417 0.3216374269005848
